-500.000000 0.000000 1000.000000 20.000000 0.000000 0.000000 0.000000 0.000000 0.000000 0.000000
-499.980000 0.000000 1000.000000 19.999400 -0.000100 0.000000 -0.010000 0.000000 0.000000 0.001000
-499.960001 0.000000 999.999998 19.998829 -0.000084 -0.000000 0.000000 0.000000 0.000000 0.002000
-499.940002 -0.000000 999.999996 19.998230 -0.000185 0.000004 -0.010000 0.000000 0.010000 0.003000
-499.920004 0.000000 999.999993 19.997588 -0.000401 0.000004 -0.020000 0.000000 0.000000 0.004000
-499.900006 0.000000 999.999985 19.996992 -0.000502 0.000000 -0.010000 0.000000 -0.010000 0.005000
-499.880009 0.000000 999.999975 19.996353 -0.000718 0.000000 -0.020000 0.000000 0.000000 0.006000
-499.860013 0.000000 999.999960 19.995761 -0.000819 0.000004 -0.010000 0.000000 0.010000 0.007000
-499.840017 0.000000 999.999944 19.995125 -0.001035 0.000004 -0.020000 0.000000 0.000000 0.008000
-499.820022 0.000000 999.999923 19.994535 -0.001136 0.000004 -0.010000 0.000000 0.000000 0.009000
-499.800027 0.000000 999.999900 19.993902 -0.001352 0.000001 -0.020000 0.000000 -0.010000 0.010000
-499.780033 0.000000 999.999873 19.993316 -0.001453 0.000001 -0.010000 0.000000 0.000000 0.011000
-499.760040 0.000000 999.999844 19.992687 -0.001669 -0.000002 -0.020000 0.000000 -0.010000 0.012000
-499.740047 0.000000 999.999811 19.992104 -0.001770 -0.000002 -0.010000 0.000000 0.000000 0.013000
-499.720055 0.000000 999.999776 19.991477 -0.001987 -0.000004 -0.020000 0.000000 -0.010000 0.014000
-499.700064 0.000000 999.999736 19.990791 -0.002320 -0.000004 -0.030000 0.000000 0.000000 0.015000
-499.680073 0.000000 999.999689 19.990170 -0.002536 -0.000007 -0.020000 0.000000 -0.010000 0.016000
-499.660083 0.000000 999.999639 19.989490 -0.002869 -0.000007 -0.030000 0.000000 0.000000 0.017000
-499.640094 -0.000000 999.999581 19.988874 -0.003086 -0.000004 -0.020000 0.000000 0.010000 0.018000
-499.620105 -0.000000 999.999520 19.988200 -0.003419 -0.000004 -0.030000 0.000000 0.000000 0.019000
-499.600117 -0.000000 999.999451 19.987450 -0.003868 -0.000005 -0.040000 0.000000 -0.010000 0.020000
-499.580129 -0.000000 999.999374 19.986783 -0.004200 -0.000005 -0.030000 0.000000 0.000000 0.021000
-499.560143 -0.000000 999.999290 19.986041 -0.004649 -0.000005 -0.040000 0.000000 -0.010000 0.022000
-499.540157 -0.000001 999.999197 19.985208 -0.005214 -0.000004 -0.050000 0.000000 -0.020000 0.023000
-499.520172 -0.000001 999.999093 19.984476 -0.005663 -0.000004 -0.040000 0.000000 -0.010000 0.024000
-499.500188 -0.000001 999.998980 19.983654 -0.006228 -0.000003 -0.050000 0.000000 -0.020000 0.025000
-499.480205 -0.000001 999.998855 19.982725 -0.006909 0.000001 -0.060000 0.000000 -0.020000 0.026000
-499.460222 -0.000001 999.998717 19.981915 -0.007474 0.000003 -0.050000 0.000000 -0.030000 0.027000
-499.440241 -0.000001 999.998568 19.980998 -0.008155 0.000007 -0.060000 0.000000 -0.020000 0.028000
-499.420261 -0.000001 999.998405 19.979960 -0.008952 0.000010 -0.070000 0.000000 -0.010000 0.029000
-499.400282 -0.000000 999.998226 19.979058 -0.009633 0.000014 -0.060000 0.000000 -0.020000 0.030000
-499.380303 -0.000000 999.998034 19.978035 -0.010430 0.000017 -0.070000 0.000000 -0.010000 0.031000
-499.360326 0.000000 999.997825 19.976874 -0.011343 0.000017 -0.080000 0.000000 0.000000 0.032000
-499.340351 0.000001 999.997599 19.975867 -0.012140 0.000020 -0.070000 0.000000 -0.010000 0.033000
-499.320377 0.000001 999.997356 19.974723 -0.013053 0.000020 -0.080000 0.000000 0.000000 0.034000
-499.300403 0.000001 999.997095 19.973426 -0.014082 0.000015 -0.090000 0.000000 0.010000 0.035000
-499.280432 0.000002 999.996814 19.972301 -0.014995 0.000015 -0.080000 0.000000 0.000000 0.036000
-499.260462 0.000002 999.996515 19.971023 -0.016024 0.000009 -0.090000 0.000000 0.010000 0.037000
-499.240494 0.000002 999.996195 19.969576 -0.017169 -0.000004 -0.100000 0.000000 0.020000 0.038000
-499.220527 0.000002 999.995852 19.967945 -0.018429 -0.000027 -0.110000 0.000000 0.030000 0.039000
-499.200562 0.000002 999.995484 19.966523 -0.019574 -0.000040 -0.100000 0.000000 0.020000 0.040000
-499.180600 0.000001 999.995093 19.964916 -0.020834 -0.000063 -0.110000 0.000000 0.030000 0.041000
-499.160639 -0.000000 999.994677 19.963109 -0.022210 -0.000098 -0.120000 0.000000 0.040000 0.042000
-499.140681 -0.000002 999.994234 19.961087 -0.023701 -0.000148 -0.130000 0.000000 0.050000 0.043000
-499.120725 -0.000005 999.993761 19.959309 -0.025077 -0.000184 -0.120000 0.000000 0.040000 0.044000
-499.100772 -0.000009 999.993260 19.957316 -0.026568 -0.000234 -0.130000 0.000000 0.050000 0.045000
-499.080822 -0.000014 999.992730 19.955092 -0.028174 -0.000301 -0.140000 0.000000 0.060000 0.046000
-499.060875 -0.000020 999.992168 19.952622 -0.029895 -0.000387 -0.150000 0.000000 0.070000 0.047000
-499.040931 -0.000027 999.991572 19.950431 -0.031501 -0.000454 -0.140000 0.000000 0.060000 0.048000
-499.020991 -0.000036 999.990943 19.947995 -0.033221 -0.000540 -0.150000 0.000000 0.070000 0.049000
-499.001054 -0.000047 999.990281 19.945297 -0.035056 -0.000648 -0.160000 0.000000 0.080000 0.050000
-498.981121 -0.000060 999.989582 19.942321 -0.037005 -0.000780 -0.170000 0.000000 0.090000 0.051000
-498.961192 -0.000076 999.988844 19.939053 -0.039068 -0.000937 -0.180000 0.000000 0.100000 0.052000
-498.941268 -0.000094 999.988065 19.935478 -0.041247 -0.001090 -0.190000 0.000000 0.090000 0.053000
-498.921350 -0.000116 999.987243 19.931579 -0.043543 -0.001234 -0.200000 0.000000 0.080000 0.054000
-498.901437 -0.000141 999.986375 19.928050 -0.045721 -0.001387 -0.190000 0.000000 0.090000 0.055000
-498.881530 -0.000168 999.985465 19.924873 -0.047783 -0.001545 -0.180000 0.000000 0.100000 0.056000
-498.861628 -0.000199 999.984513 19.921388 -0.049961 -0.001697 -0.190000 0.000000 0.090000 0.057000
-498.841731 -0.000233 999.983518 19.917580 -0.052256 -0.001842 -0.200000 0.000000 0.080000 0.058000
-498.821841 -0.000269 999.982478 19.914143 -0.054433 -0.001994 -0.190000 0.000000 0.090000 0.059000
-498.801956 -0.000309 999.981394 19.911056 -0.056494 -0.002152 -0.180000 0.000000 0.100000 0.060000
-498.782077 -0.000352 999.980270 19.907662 -0.058671 -0.002304 -0.190000 0.000000 0.090000 0.061000
-498.762204 -0.000398 999.979103 19.903946 -0.060964 -0.002449 -0.200000 0.000000 0.080000 0.062000
-498.742337 -0.000446 999.977890 19.900598 -0.063141 -0.002601 -0.190000 0.000000 0.090000 0.063000
-498.722476 -0.000498 999.976634 19.897602 -0.065200 -0.002758 -0.180000 0.000000 0.100000 0.064000
-498.702621 -0.000553 999.975338 19.894298 -0.067376 -0.002911 -0.190000 0.000000 0.090000 0.065000
-498.682772 -0.000610 999.973998 19.890673 -0.069669 -0.003055 -0.200000 0.000000 0.080000 0.066000
-498.662929 -0.000671 999.972614 19.887416 -0.071844 -0.003208 -0.190000 0.000000 0.090000 0.067000
-498.643093 -0.000735 999.971186 19.884510 -0.073903 -0.003365 -0.180000 0.000000 0.100000 0.068000
-498.623263 -0.000801 999.969718 19.881297 -0.076078 -0.003518 -0.190000 0.000000 0.090000 0.069000
-498.603439 -0.000871 999.968207 19.877762 -0.078369 -0.003662 -0.200000 0.000000 0.080000 0.070000
-498.583623 -0.000944 999.966651 19.874596 -0.080543 -0.003814 -0.190000 0.000000 0.090000 0.071000
-498.563813 -0.001019 999.965052 19.871779 -0.082601 -0.003972 -0.180000 0.000000 0.100000 0.072000
-498.544009 -0.001098 999.963412 19.868656 -0.084774 -0.004124 -0.190000 0.000000 0.090000 0.073000
-498.524212 -0.001180 999.961730 19.865212 -0.087064 -0.004269 -0.200000 0.000000 0.080000 0.074000
-498.504422 -0.001264 999.960002 19.862135 -0.089238 -0.004421 -0.190000 0.000000 0.090000 0.075000
-498.484639 -0.001352 999.958232 19.859408 -0.091294 -0.004579 -0.180000 0.000000 0.100000 0.076000
-498.464863 -0.001442 999.956422 19.856375 -0.093467 -0.004731 -0.190000 0.000000 0.090000 0.077000
-498.445093 -0.001536 999.954569 19.853021 -0.095756 -0.004876 -0.200000 0.000000 0.080000 0.078000
-498.425331 -0.001632 999.952671 19.850034 -0.097928 -0.005028 -0.190000 0.000000 0.090000 0.079000
-498.405577 -0.001731 999.950730 19.847396 -0.099983 -0.005186 -0.180000 0.000000 0.100000 0.080000
-498.385829 -0.001834 999.948749 19.844453 -0.102155 -0.005338 -0.190000 0.000000 0.090000 0.081000
-498.366088 -0.001939 999.946725 19.841189 -0.104442 -0.005483 -0.200000 0.000000 0.080000 0.082000
-498.346355 -0.002047 999.944656 19.838292 -0.106613 -0.005635 -0.190000 0.000000 0.090000 0.083000
-498.326630 -0.002158 999.942545 19.835742 -0.108668 -0.005793 -0.180000 0.000000 0.100000 0.084000
-498.306911 -0.002273 999.940394 19.832888 -0.110838 -0.005945 -0.190000 0.000000 0.090000 0.085000
-498.287200 -0.002390 999.938200 19.829714 -0.113125 -0.006090 -0.200000 0.000000 0.080000 0.086000
-498.267498 -0.002510 999.935962 19.826906 -0.115294 -0.006243 -0.190000 0.000000 0.090000 0.087000
-498.247803 -0.002633 999.933681 19.824446 -0.117348 -0.006400 -0.180000 0.000000 0.100000 0.088000
-498.228115 -0.002759 999.931360 19.821681 -0.119517 -0.006553 -0.190000 0.000000 0.090000 0.089000
-498.208435 -0.002888 999.928997 19.818596 -0.121802 -0.006698 -0.200000 0.000000 0.080000 0.090000
-498.188764 -0.003020 999.926589 19.815877 -0.123971 -0.006850 -0.190000 0.000000 0.090000 0.091000
-498.169101 -0.003154 999.924138 19.813505 -0.126023 -0.007008 -0.180000 0.000000 0.100000 0.092000
-498.149445 -0.003292 999.921648 19.810829 -0.128191 -0.007161 -0.190000 0.000000 0.090000 0.093000
-498.129797 -0.003433 999.919115 19.807833 -0.130475 -0.007306 -0.200000 0.000000 0.080000 0.094000
-498.110158 -0.003576 999.916538 19.805202 -0.132642 -0.007458 -0.190000 0.000000 0.090000 0.095000
-498.090527 -0.003723 999.913919 19.802919 -0.134694 -0.007616 -0.180000 0.000000 0.100000 0.096000
-498.070904 -0.003872 999.911260 19.800331 -0.136861 -0.007769 -0.190000 0.000000 0.090000 0.097000
-498.051290 -0.004024 999.908558 19.797424 -0.139143 -0.007914 -0.200000 0.000000 0.080000 0.098000
-498.031684 -0.004180 999.905813 19.794882 -0.141309 -0.008066 -0.190000 0.000000 0.090000 0.099000
-498.012087 -0.004338 999.903025 19.792686 -0.143359 -0.008224 -0.180000 0.000000 0.100000 0.100000
-497.992498 -0.004499 999.900197 19.790187 -0.145525 -0.008377 -0.190000 0.000000 0.090000 0.101000
-497.972918 -0.004663 999.897327 19.787368 -0.147806 -0.008522 -0.200000 0.000000 0.080000 0.102000
-497.953347 -0.004830 999.894413 19.784914 -0.149971 -0.008675 -0.190000 0.000000 0.090000 0.103000
-497.933785 -0.004999 999.891457 19.782806 -0.152020 -0.008833 -0.180000 0.000000 0.100000 0.104000
-497.914231 -0.005172 999.888461 19.780395 -0.154185 -0.008986 -0.190000 0.000000 0.090000 0.105000
-497.894686 -0.005348 999.885423 19.777664 -0.156465 -0.009131 -0.200000 0.000000 0.080000 0.106000
-497.875151 -0.005526 999.882341 19.775298 -0.158629 -0.009284 -0.190000 0.000000 0.090000 0.107000
-497.855625 -0.005707 999.879218 19.773277 -0.160676 -0.009442 -0.180000 0.000000 0.100000 0.108000
-497.836107 -0.005892 999.876054 19.770954 -0.162839 -0.009595 -0.190000 0.000000 0.090000 0.109000
-497.816599 -0.006079 999.872849 19.768311 -0.165118 -0.009741 -0.200000 0.000000 0.080000 0.110000
-497.797100 -0.006269 999.869600 19.766032 -0.167281 -0.009894 -0.190000 0.000000 0.090000 0.111000
-497.777611 -0.006462 999.866309 19.764099 -0.169327 -0.010052 -0.180000 0.000000 0.100000 0.112000
-497.758131 -0.006657 999.862978 19.761862 -0.171489 -0.010205 -0.190000 0.000000 0.090000 0.113000
-497.738660 -0.006856 999.859606 19.759308 -0.173767 -0.010351 -0.200000 0.000000 0.080000 0.114000
-497.719199 -0.007058 999.856189 19.757116 -0.175928 -0.010504 -0.190000 0.000000 0.090000 0.115000
-497.699748 -0.007262 999.852731 19.755269 -0.177973 -0.010663 -0.180000 0.000000 0.100000 0.116000
-497.680306 -0.007469 999.849234 19.753119 -0.180134 -0.010816 -0.190000 0.000000 0.090000 0.117000
-497.660873 -0.007679 999.845695 19.750652 -0.182410 -0.010962 -0.200000 0.000000 0.080000 0.118000
-497.641451 -0.007892 999.842112 19.748547 -0.184570 -0.011115 -0.190000 0.000000 0.090000 0.119000
-497.622040 -0.008108 999.838488 19.746787 -0.186614 -0.011274 -0.180000 0.000000 0.100000 0.120000
-497.602637 -0.008327 999.834824 19.744724 -0.188773 -0.011427 -0.190000 0.000000 0.090000 0.121000
-497.583244 -0.008549 999.831119 19.742343 -0.191048 -0.011573 -0.200000 0.000000 0.080000 0.122000
-497.563862 -0.008773 999.827370 19.740325 -0.193207 -0.011727 -0.190000 0.000000 0.090000 0.123000
-497.544491 -0.009000 999.823580 19.738651 -0.195250 -0.011886 -0.180000 0.000000 0.100000 0.124000
-497.525128 -0.009230 999.819750 19.736675 -0.197408 -0.012040 -0.190000 0.000000 0.090000 0.125000
-497.505776 -0.009463 999.815879 19.734381 -0.199681 -0.012186 -0.200000 0.000000 0.080000 0.126000
-497.486436 -0.009699 999.811965 19.732448 -0.201839 -0.012339 -0.190000 0.000000 0.090000 0.127000
-497.467105 -0.009937 999.808009 19.730860 -0.203880 -0.012499 -0.180000 0.000000 0.100000 0.128000
-497.447784 -0.010179 999.804014 19.728970 -0.206037 -0.012652 -0.190000 0.000000 0.090000 0.129000
-497.428474 -0.010423 999.799978 19.726762 -0.208309 -0.012799 -0.200000 0.000000 0.080000 0.130000
-497.409176 -0.010670 999.795899 19.724916 -0.210465 -0.012953 -0.190000 0.000000 0.090000 0.131000
-497.389888 -0.010920 999.791778 19.723413 -0.212505 -0.013112 -0.180000 0.000000 0.100000 0.132000
-497.370609 -0.011173 999.787618 19.721608 -0.214661 -0.013266 -0.190000 0.000000 0.090000 0.133000
-497.351342 -0.011428 999.783417 19.719487 -0.216931 -0.013413 -0.200000 0.000000 0.080000 0.134000
-497.332087 -0.011687 999.779173 19.717726 -0.219086 -0.013567 -0.190000 0.000000 0.090000 0.135000
-497.312842 -0.011948 999.774887 19.716308 -0.221125 -0.013727 -0.180000 0.000000 0.100000 0.136000
-497.293608 -0.012212 999.770563 19.714589 -0.223279 -0.013881 -0.190000 0.000000 0.090000 0.137000
-497.274384 -0.012479 999.766197 19.712553 -0.225548 -0.014028 -0.200000 0.000000 0.080000 0.138000
-497.255173 -0.012748 999.761789 19.710877 -0.227702 -0.014182 -0.190000 0.000000 0.090000 0.139000
-497.235973 -0.013021 999.757339 19.709545 -0.229739 -0.014342 -0.180000 0.000000 0.100000 0.140000
-497.216783 -0.013296 999.752851 19.707910 -0.231892 -0.014497 -0.190000 0.000000 0.090000 0.141000
-497.197605 -0.013574 999.748322 19.705959 -0.234160 -0.014643 -0.200000 0.000000 0.080000 0.142000
-497.178438 -0.013855 999.743749 19.704368 -0.236312 -0.014798 -0.190000 0.000000 0.090000 0.143000
-497.159284 -0.014138 999.739136 19.703120 -0.238348 -0.014958 -0.180000 0.000000 0.100000 0.144000
-497.140140 -0.014424 999.734484 19.701571 -0.240500 -0.015113 -0.190000 0.000000 0.090000 0.145000
-497.121007 -0.014714 999.729792 19.699704 -0.242766 -0.015260 -0.200000 0.000000 0.080000 0.146000
-497.101888 -0.015005 999.725056 19.698198 -0.244917 -0.015415 -0.190000 0.000000 0.090000 0.147000
-497.082780 -0.015300 999.720280 19.697034 -0.246952 -0.015576 -0.180000 0.000000 0.100000 0.148000
-497.063682 -0.015597 999.715465 19.695569 -0.249102 -0.015731 -0.190000 0.000000 0.090000 0.149000
-497.044597 -0.015898 999.710609 19.693787 -0.251367 -0.015878 -0.200000 0.000000 0.080000 0.150000
-497.025525 -0.016201 999.705711 19.692365 -0.253516 -0.016034 -0.190000 0.000000 0.090000 0.151000
-497.006464 -0.016506 999.700772 19.691285 -0.255549 -0.016195 -0.180000 0.000000 0.100000 0.152000
-496.987415 -0.016815 999.695794 19.689904 -0.257698 -0.016350 -0.190000 0.000000 0.090000 0.153000
-496.968378 -0.017126 999.690776 19.688206 -0.259962 -0.016498 -0.200000 0.000000 0.080000 0.154000
-496.949354 -0.017440 999.685716 19.686867 -0.262109 -0.016653 -0.190000 0.000000 0.090000 0.155000
-496.930342 -0.017757 999.680614 19.685871 -0.264141 -0.016814 -0.180000 0.000000 0.100000 0.156000
-496.911341 -0.018076 999.675475 19.684573 -0.266289 -0.016970 -0.190000 0.000000 0.090000 0.157000
-496.892353 -0.018398 999.670295 19.682959 -0.268551 -0.017118 -0.200000 0.000000 0.080000 0.158000
-496.873379 -0.018723 999.665072 19.681704 -0.270697 -0.017274 -0.190000 0.000000 0.090000 0.159000
-496.854416 -0.019051 999.659809 19.680791 -0.272728 -0.017436 -0.180000 0.000000 0.100000 0.160000
-496.835466 -0.019381 999.654508 19.679576 -0.274874 -0.017592 -0.190000 0.000000 0.090000 0.161000
-496.816528 -0.019714 999.649166 19.678045 -0.277134 -0.017740 -0.200000 0.000000 0.080000 0.162000
-496.797604 -0.020050 999.643783 19.676873 -0.279279 -0.017896 -0.190000 0.000000 0.090000 0.163000
-496.778692 -0.020389 999.638358 19.676043 -0.281308 -0.018058 -0.180000 0.000000 0.100000 0.164000
-496.759793 -0.020730 999.632896 19.674911 -0.283453 -0.018214 -0.190000 0.000000 0.090000 0.165000
-496.740906 -0.021074 999.627393 19.673463 -0.285712 -0.018363 -0.200000 0.000000 0.080000 0.166000
-496.722033 -0.021421 999.621849 19.672373 -0.287855 -0.018520 -0.190000 0.000000 0.090000 0.167000
-496.703174 -0.021770 999.616264 19.671625 -0.289883 -0.018682 -0.180000 0.000000 0.100000 0.168000
-496.684326 -0.022122 999.610641 19.670576 -0.292026 -0.018839 -0.190000 0.000000 0.090000 0.169000
-496.665492 -0.022477 999.604978 19.669210 -0.294283 -0.018988 -0.200000 0.000000 0.080000 0.170000
-496.646672 -0.022834 999.599273 19.668203 -0.296425 -0.019145 -0.190000 0.000000 0.090000 0.171000
-496.627865 -0.023194 999.593528 19.667537 -0.298452 -0.019307 -0.180000 0.000000 0.100000 0.172000
-496.609070 -0.023557 999.587744 19.666570 -0.300593 -0.019464 -0.190000 0.000000 0.090000 0.173000
-496.590289 -0.023923 999.581921 19.665286 -0.302849 -0.019614 -0.200000 0.000000 0.080000 0.174000
-496.571522 -0.024291 999.576056 19.664361 -0.304990 -0.019771 -0.190000 0.000000 0.090000 0.175000
-496.552769 -0.024662 999.570152 19.663777 -0.307015 -0.019934 -0.180000 0.000000 0.100000 0.176000
-496.534028 -0.025035 999.564209 19.662891 -0.309154 -0.020092 -0.190000 0.000000 0.090000 0.177000
-496.515301 -0.025412 999.558226 19.661689 -0.311409 -0.020241 -0.200000 0.000000 0.080000 0.178000
-496.496589 -0.025791 999.552202 19.660846 -0.313548 -0.020399 -0.190000 0.000000 0.090000 0.179000
-496.477891 -0.026172 999.546138 19.660342 -0.315572 -0.020563 -0.180000 0.000000 0.100000 0.180000
-496.459205 -0.026556 999.540036 19.659538 -0.317710 -0.020720 -0.190000 0.000000 0.090000 0.181000
-496.440534 -0.026943 999.533895 19.658417 -0.319963 -0.020871 -0.200000 0.000000 0.080000 0.182000
-496.421877 -0.027333 999.527712 19.657655 -0.322100 -0.021029 -0.190000 0.000000 0.090000 0.183000
-496.403234 -0.027725 999.521489 19.657232 -0.324122 -0.021193 -0.180000 0.000000 0.100000 0.184000
-496.384605 -0.028120 999.515228 19.656509 -0.326259 -0.021351 -0.190000 0.000000 0.090000 0.185000
-496.365990 -0.028517 999.508928 19.655469 -0.328510 -0.021502 -0.200000 0.000000 0.080000 0.186000
-496.347389 -0.028917 999.502587 19.654787 -0.330646 -0.021660 -0.190000 0.000000 0.090000 0.187000
-496.328804 -0.029320 999.496206 19.654445 -0.332667 -0.021824 -0.180000 0.000000 0.100000 0.188000
-496.310231 -0.029725 999.489787 19.653802 -0.334802 -0.021983 -0.190000 0.000000 0.090000 0.189000
-496.291673 -0.030133 999.483330 19.652843 -0.337052 -0.022134 -0.200000 0.000000 0.080000 0.190000
-496.273131 -0.030544 999.476830 19.652241 -0.339186 -0.022293 -0.190000 0.000000 0.090000 0.191000
-496.254603 -0.030957 999.470292 19.651979 -0.341205 -0.022458 -0.180000 0.000000 0.100000 0.192000
-496.236088 -0.031373 999.463716 19.651416 -0.343339 -0.022617 -0.190000 0.000000 0.090000 0.193000
-496.217589 -0.031791 999.457100 19.650536 -0.345587 -0.022769 -0.200000 0.000000 0.080000 0.194000
-496.199105 -0.032212 999.450444 19.650014 -0.347720 -0.022928 -0.190000 0.000000 0.090000 0.195000
